group	fill
1	#FF8C6D
2	#FF8868
3	#FF7958
4	#FF7C5B
5	#FF7C5B
6	#FF7E5D
7	#FF7E5D
8	#FF8565
9	#FF8C6D
10	#FFA084
11	#FFA287
12	#FF8C6D
13	#FF9678
14	#FF8160
15	#FF6746
16	#FF6543
17	#FF7E5D
18	#FF8C6D
19	#FF8565
20	#FF8565
21	#FF8160
22	#FF7E5D
23	#FF8362
24	#FF8362
25	#FFA58A
26	#FF8868
27	#FF8565
28	#FF8362
29	#FF7755
30	#FF7755
31	#FF8362
32	#FF8868
33	#FF7958
34	#FF7958
35	#FF7E5D
36	#FFA084
37	#FF8362
38	#FF8A6B
39	#FF8C6D
40	#FF9678
41	#FFA58A
42	#FFA084
43	#FF997B
44	#FF9273
45	#FF8A6B
46	#FF8868
47	#FF8C6D
48	#FF9273
49	#FFA58A
50	#FF8A6B
51	#FF8362
52	#FF7E5D
53	#FF7755
54	#FF7958
55	#FF8362
56	#FF8868
57	#FF8160
58	#FF7958
59	#FF7E5D
60	#FFA58A
61	#FF7E5D
62	#FF8A6B
63	#FF9273
64	#FF9B7E
65	#FFA287
66	#FFA084
67	#FF997B
68	#FF9273
69	#FF8A6B
70	#FF8868
71	#FF8F70
72	#FF9273
73	#FFA58A
74	#FF8F70
75	#FF8362
76	#FF7958
77	#FF7958
78	#FF8C6D
79	#FF8C6D
80	#FF8160
81	#FF7C5B
82	#FF7C5B
83	#FF7C5B
84	#FFA88D
85	#FF7E5D
86	#FF8868
87	#FF9273
88	#FFA287
89	#FFAA90
90	#FFA287
91	#FF9B7E
92	#FF9476
93	#FF8C6D
94	#FF8C6D
95	#FF9678
96	#FF9B7E
97	#FFA88D
98	#FF9476
99	#FF8565
100	#FF8160
101	#FF8868
102	#FF8565
103	#FF8868
104	#FF8160
105	#FF7C5B
106	#FF7958
107	#FF7E5D
108	#FFAA90
109	#FF7E5D
110	#FF8A6B
111	#FF8F70
112	#FF9D81
113	#FFAA90
114	#FFA58A
115	#FFA084
116	#FF997B
117	#FF9476
118	#FF9B7E
119	#FFA287
120	#FF9D81
121	#FFAE95
122	#FF9273
123	#FF8C6D
124	#FF8565
125	#FF9273
126	#FF7958
127	#FF7C5B
128	#FF7755
129	#FF7958
130	#FF7C5B
131	#FF7C5B
132	#FFAE95
133	#FF8362
134	#FF8A6B
135	#FF8F70
136	#FF9D81
137	#FFAA90
138	#FFA88D
139	#FFA287
140	#FFA084
141	#FF9D81
142	#FFA287
143	#FF997B
144	#FF9B7E
145	#FFB198
146	#FFA88D
147	#FF8F70
148	#FF8F70
149	#FF8F70
150	#FF7958
151	#FF7C5B
152	#FF7958
153	#FF7E5D
154	#FF7E5D
155	#FF7C5B
156	#FFAE95
157	#FF7E5D
158	#FF8565
159	#FF8A6B
160	#FF9B7E
161	#FFA287
162	#FFAA90
163	#FFA88D
164	#FFA084
165	#FFA287
166	#FF9D81
167	#FFB69E
168	#FFB69E
169	#FFB198
170	#FFAE95
171	#FFB39B
172	#FFA287
173	#FF9476
174	#FF8362
175	#FF7C5B
176	#FF7C5B
177	#FF7E5D
178	#FF8160
179	#FF7E5D
180	#FFAC93
181	#FF8160
182	#FF8C6D
183	#FF8A6B
184	#FF8F70
185	#FFA084
186	#FFAA90
187	#FF9D81
188	#FFBDA8
189	#FFAE95
190	#FFAE95
191	#FF9D81
192	#FFA287
193	#FFB198
194	#FFA084
195	#FFA88D
196	#FFA88D
197	#FF9678
198	#FF8868
199	#FF7E5D
200	#FF7E5D
201	#FF8565
202	#FF8362
203	#FF7E5D
204	#FFAC93
205	#FF8868
206	#FF8F70
207	#FF997B
208	#FF9476
209	#FF8F70
210	#FFA287
211	#FFC5B2
212	#FFAC93
213	#FFA084
214	#FF9B7E
215	#FF9B7E
216	#FF9B7E
217	#FFAA90
218	#FFA084
219	#FF9678
220	#FF9678
221	#FF997B
222	#FF7E5D
223	#FF7E5D
224	#FF7C5B
225	#FF8A6B
226	#FF8362
227	#FF8160
228	#FFA88D
229	#FF8A6B
230	#FF8F70
231	#FF9476
232	#FF9678
233	#FF9476
234	#FF997B
235	#FFC7B5
236	#FFA287
237	#FF9D81
238	#FF9D81
239	#FF9B7E
240	#FF997B
241	#FFAC93
242	#FF9B7E
243	#FF9678
244	#FF8868
245	#FF8C6D
246	#FF8362
247	#FF7958
248	#FF7C5B
249	#FF8160
250	#FF8160
251	#FF8362
252	#FFBBA5
253	#FF8C6D
254	#FF8F70
255	#FF9678
256	#FF9D81
257	#FF9476
258	#FFCFBE
259	#FFA88D
260	#FF9D81
261	#FF9B7E
262	#FF997B
263	#FF997B
264	#FF997B
265	#FF9273
266	#FF8565
267	#FF7755
268	#FF7E5D
269	#FF7958
270	#FF7C5B
271	#FF7E5D
272	#FF8160
273	#FF8C6D
274	#FF997B
275	#FF8362
276	#FF8C6D
277	#FF7958
278	#FF5F3E
279	#FF6746
280	#FF6543
281	#FF9273
282	#FF8C6D
283	#FF8868
284	#FF8565
285	#FF8160
286	#FF8160
287	#FF8362
288	#FF8565
289	#FFD1C1
290	#FF9B7E
291	#FF9678
292	#FF8868
293	#FF7250
294	#FF7958
295	#FF7958
296	#FF7958
297	#FF8160
298	#FF8160
299	#FF8565
300	#FFBBA5
301	#FF8A6B
302	#FF9476
303	#FF9B7E
304	#FF9D81
305	#FF997B
306	#FFAE95
307	#FF9678
308	#FF997B
309	#FF9B7E
310	#FF997B
311	#FF9678
312	#FF9678
313	#FFB8A1
314	#FF997B
315	#FFA084
316	#FF9678
317	#FF6948
318	#FF7E5D
319	#FF7C5B
320	#FF7C5B
321	#FF7C5B
322	#FF8160
323	#FF8362
324	#FFB39B
325	#FF8C6D
326	#FF9678
327	#FF997B
328	#FF9D81
329	#FF9B7E
330	#FF9D81
331	#FF9678
332	#FF9678
333	#FF997B
334	#FF997B
335	#FF9476
336	#FF9678
337	#FFA58A
338	#FF9678
339	#FF8A6B
340	#FF9476
341	#FF8362
342	#FF8160
343	#FF7C5B
344	#FF7C5B
345	#FF7C5B
346	#FF7E5D
347	#FF8160
348	#FFAE95
349	#FF8C6D
350	#FF9476
351	#FF9B7E
352	#FF9D81
353	#FF9D81
354	#FF997B
355	#FF997B
356	#FF9678
357	#FF9476
358	#FF997B
359	#FF9476
360	#FF9678
361	#FF9D81
362	#FF9B7E
363	#FF8F70
364	#FF997B
365	#FF8565
366	#FF8160
367	#FF7E5D
368	#FF7C5B
369	#FF7E5D
370	#FF7C5B
371	#FF8362
372	#FF9D81
373	#FF8C6D
374	#FF9476
375	#FF9B7E
376	#FF9D81
377	#FFA58A
378	#FF9273
379	#FF9476
380	#FF9678
381	#FF997B
382	#FF9678
383	#FF9476
384	#FF997B
385	#FFA287
386	#FF9B7E
387	#FF9B7E
388	#FF8C6D
389	#FF8160
390	#FF8160
391	#FF8160
392	#FF7E5D
393	#FF7C5B
394	#FF8160
395	#FF8868
396	#FF9476
397	#FF8C6D
398	#FF9273
399	#FF997B
400	#FFA287
401	#FFA58A
402	#FF8C6D
403	#FF9273
404	#FF9476
405	#FF997B
406	#FF9B7E
407	#FF9678
408	#FF9476
409	#FF9273
410	#FF8362
411	#FF7250
412	#FF7452
413	#FF7452
414	#FF7958
415	#FF7C5B
416	#FF8160
417	#FF8C6D
418	#FF8C6D
419	#FF7E5D
420	#FF8F70
421	#FF6F4D
422	#FF5F3E
423	#FF6F4D
424	#FF8565
425	#FF9273
426	#FF8F70
427	#FF8C6D
428	#FF8565
429	#FF8362
430	#FF8160
431	#FF8565
432	#FF8868
433	#FF9476
434	#FF7E5D
435	#FF7452
436	#FF7755
437	#FF6F4D
438	#FF7755
439	#FF7755
440	#FF7E5D
441	#FF8565
442	#FF8362
443	#FF7250
444	#FF9476
445	#FF6F4D
446	#FF4427
447	#FF6C4B
448	#FF8868
449	#FFA58A
450	#FF9273
451	#FF8F70
452	#FF8868
453	#FF8565
454	#FF8362
455	#FF8362
456	#FF8868
457	#FF997B
458	#FF8565
459	#FF7E5D
460	#FF7C5B
461	#FF7452
462	#FF7C5B
463	#FF7958
464	#FF7C5B
465	#FF8362
466	#FF7250
467	#FF7250
468	#FF9678
469	#FF6543
470	#FF5F3E
471	#FF6948
472	#FF7E5D
473	#FFA88D
474	#FF9678
475	#FF9273
476	#FF8C6D
477	#FF8868
478	#FF8565
479	#FF8A6B
480	#FF8A6B
481	#FF9B7E
482	#FF8868
483	#FF8362
484	#FF7C5B
485	#FF7755
486	#FF7755
487	#FF7958
488	#FF7C5B
489	#FF6F4D
490	#FF7755
491	#FF6746
492	#FF9B7E
493	#FF5F3E
494	#FF6948
495	#FF7958
496	#FF8160
497	#FF9476
498	#FF9B7E
499	#FF9476
500	#FF8F70
501	#FF8565
502	#FF8565
503	#FF8868
504	#FF8A6B
505	#FF9D81
506	#FF8565
507	#FF8362
508	#FF8160
509	#FF7958
510	#FF7755
511	#FF7250
512	#FF7C5B
513	#FF7C5B
514	#FF7250
515	#FF6C4B
516	#FF9D81
517	#FF5A39
518	#FF7958
519	#FF8F70
520	#FF9476
521	#FF9D81
522	#FF997B
523	#FF9476
524	#FF8C6D
525	#FF8868
526	#FF8565
527	#FF8868
528	#FF8C6D
529	#FFA084
530	#FF8362
531	#FF8160
532	#FF7E5D
533	#FF7452
534	#FF7250
535	#FF7250
536	#FF7C5B
537	#FF7958
538	#FF7C5B
539	#FF7958
540	#FFA084
541	#FF7E5D
542	#FF8565
543	#FF9476
544	#FF9476
545	#FF9D81
546	#FF9D81
547	#FF9678
548	#FF8C6D
549	#FF8A6B
550	#FF8868
551	#FF8A6B
552	#FF8C6D
553	#FFA287
554	#FF8A6B
555	#FF8868
556	#FF8565
557	#FF7755
558	#FF7250
559	#FF7250
560	#FF8868
561	#FF7958
562	#FF7C5B
563	#FF7E5D
564	#FFA084
565	#FF8362
566	#FF8868
567	#FF9476
568	#FF9D81
569	#FFAA90
570	#FF9D81
571	#FF9678
572	#FF8F70
573	#FF8868
574	#FF8A6B
575	#FF8A6B
576	#FF8F70
